72533 -42380

95141 51099
-43480 46108
72861 -96956
44936 -49470
91793 15129
54339 -88167
-3922 55460
11162 -11787
39820 -653
60935 -13766
-50704 -36110
-37442 -36543
-44669 51503
79773 46806
-37097 88283
37509 53021
48705 -63912
52833 -614
32526 39339
-4694 -71569
35048 -57540
85166 34236
-32175 -5293
-56329 71041
48671 -6987
26799 55375
75743 83952
-28279 -19989
-85264 301
28772 47387
81207 9519
-58059 48134
82670 -34366
-58573 45296
53587 -5816
92309 -85696
88635 36597
-17188 -85923
12783 3102
-88321 -81850
-34856 -89817
56501 63734
-47728 80736
-92566 -16567
48428 91192
42625 40967
-34128 3497
-72571 89801
92958 -49962
63618 67122
-88299 44484
-79456 56846
-71303 95123
-69879 -52657
39178 12854
6181 -68621
-90356 -28690
67303 -54616
-51097 -83159
78661 14491
-18816 46353
51872 -8246
3676 83562
-41631 -43223
-76756 -14535
-6003 43009
-79211 -93767
80331 43315
-22380 -69159
6178 -48824
62856 -21770
-57574 46769
-29579 88093
-27592 -79087
-19576 17908
-12591 -38908