77
0 72533 -42380
2 95141 51099
3 -43480 46108
4 72861 -96956
5 44936 -49470
7 91793 15129
8 54339 -88167
10 -3922 55460
11 11162 -11787
12 39820 -653
13 60935 -13766
14 -50704 -36110
15 -37442 -36543
16 -44669 51503
17 79773 46806
18 -37097 88283
19 37509 53021
20 48705 -63912
22 52833 -614
23 32526 39339
24 -4694 -71569
26 35048 -57540
27 85166 34236
28 -32175 -5293
29 -56329 71041
31 48671 -6987
33 26799 55375
35 75743 83952
36 -28279 -19989
37 -85264 301
38 28772 47387
39 81207 9519
40 -58059 48134
41 82670 -34366
42 -58573 45296
43 53587 -5816
44 92309 -85696
45 88635 36597
46 -17188 -85923
47 12783 3102
49 -88321 -81850
50 -34856 -89817
51 56501 63734
52 -47728 80736
53 -92566 -16567
54 48428 91192
55 42625 40967
56 -34128 3497
59 -72571 89801
60 92958 -49962
62 63618 67122
66 -88299 44484
70 -79456 56846
71 -71303 95123
72 -69879 -52657
73 39178 12854
74 6181 -68621
75 -90356 -28690
76 67303 -54616
77 -51097 -83159
78 78661 14491
80 -18816 46353
82 51872 -8246
83 3676 83562
84 -41631 -43223
85 -76756 -14535
86 -6003 43009
87 -79211 -93767
89 80331 43315
90 -22380 -69159
91 6178 -48824
93 62856 -21770
95 -57574 46769
96 -29579 88093
97 -27592 -79087
99 -19576 17908
100 -12591 -38908